150752116844
178780624382
27966172383
246527908388
127861462266
135737078201
114987604000
116898669508
41748034061
183274125762
88289839573
75335163674
12211819154
95986996439
67126510732
260661237584
13974738222
112559542795
146589862420
172559533823
60622048479
126609977810
47021505120
144696518310
236431458268
268483811712
137669340357
170038506408
73929818916
35078114257
265573187007
187185308040
107992780642
182928607204
54164049634
202222925106
108054705434
251812492314
98035649586
94300426052
113461011525
138137962260
11777242970
202937913068
31841840876
248394460784
180696514664
172264689825
254747699209
262501913250
56405232882
143288262751
151334584695
262800191507
210407345554
32904315117
27385061347
161345476041
52435803291
57728299337
237133123890
85656042384
117257913193
85692007496
80224632658
202254708524
67115257360
118742666340
101623380577
51410118342
60554038365
142708924813
172203971726
212933801205
274389069982
86740835975
220078266722
96968621129
22110160927
14086908306
127224749092
252516277993
81693085419
20503704465
87433379762
256240265506
107813307569
166086866166
183365418323
181832865008
151612477656
224568697745
249082108345
85787186076
226805711108
71335080704
99125232139
253392970030
247094974789
174086176887
202046281287
92671626670
10898129660
20196244510
53894128825
197166464719
182036262490
52656603588
159885924802
238402398168
20336483222
195133370158
273421161755
177559520178
176084805688
130626779771
63375500407
235129185395
107933016266
210259575505
206580616723
13589599434
109144895791
215524305841
202466759570
123150585679
168020679114
61034193820
108858343756
66113180468
137697637513
55555724042
169765878600
198785481763
141391001410
221344388420
61521440625
190585343518
154303649784
10630415842
103293856677
169541005497
203096078919
206539845110
209480915328
251052688833
87243672078
191808629978
30503001207
117911383384
51009187965
160502157199
129882126041
41071613953
138175380
201993892583
52492408791
35029730632
66261495351
22886375255
257549170849
142666109819
195452202017
205472395380
39172119884
209568245990
157133398755
167375902271
175950744774
80719105614
77482865328
168313554132
132369564577
156884286040
28287120404
4626486110
151744418366
204537095763
128571199266
206675774634
171655080421
272244524333
203299463615
35661988567
76696308276
201785605937
51208214526
199834432267
44585471576
51512853483
32517757456
166493083458
170481804160
82193000845
233698522605
43011973366
28957223378
262309649116
124104698550
154754763952
138566192753
273704485378
191167007393
93322471754
153111794456
166826532300
222320915499
135370145432
30530746210
92702278889
249722208742
14508712265
243512930598
57737757757
57649084287
78270008231
160440580570
89291462404
154611256066
129658688730
37007663783
270791375941
272975148077
259613369394
205612298247
97559593529
172093674427
90942722110
125736234319
119598313984
53514685937
234454113419
7754306398
218346120011
105170342564
159548756300
755097278
196041470277
237831373503
174064169641
126310644670
105167455423
192486506339
12909279095
79209167664
141913914239
194167298289
247347370253
18836113521
219804882192
197384808097
1932775364
19222667128
884813188
31362378361
60327380135
21970697533
175846366557
18260517782
87320067364
208685123092
157440874252
118236379309
36873701090
214069230450
93555584206
120127920007
249558068851
64025728766
193741693403
477407675
163956002614
147608009292
56734993666
176587163959
132978788001
265173435495
9138855405
66402906262
244887483892
175124476846
257408304456
9918451641
203045493782
64075974886
252774908571
107650920776
29513105014
190440050809
149298491388
76376746328
60770679403
104161754598
241709593895
244709750923
32044568628
168552435188
256143396540
12945524634
39850953473
141357613781
5965446160
62729464600
137088892603
105016262491
80775010499
260032081304
60781345351
45476175001
169537432842
177408376412
200484952072
228583903019
57715016207
153582816178
116548742540
45126464374
36173550011
257935879452
203845264191
52557855959
13106265707
199352350694
262545742777
106155152298
254844691108
243133494522
242693991900
131646507408
114406836850
212931368037
17411223410
169393933952
102000415834
148931660697
202789689784
32677321974
98341179215
218649318559
234514560228
130366847153
168888511780
72219520472
143854376591
54175278380
193517374969
205877407773
125756282069
15689482933
143379151590
219828995009
141287663249
112475805270
229704139828
20310383379
257695809929
72136283351
80446155540
120362983747
206380074928
202298871450
219373828772
274186164401
66200415894
172928684830
78406397185
53603504023
32513769417
127313461187
262653912459
131344476529
142994025950
122882241380
157825884351
83364376965
71133257151
36408503166
15939050048
184489127908
81852798783
77353180435
240612214594
63420502277
124558349768
1754000780
150546276890
17596971491
189655079037
58701929540
244936832153
120438659325
41003977763
255241552262
5959367086
188115940600
91118305719
9821606137
155182947314
112268226500
6925781361
194331586700
186854156867
271831605553
188342067241
179726875998
113598470381
198428678843
41276103382
264007568165
6451234758
77018182628
14418904663
263900680004
73304761763
179560455991
220849848000
116622022166
20893433220
259491296367
157109206585
116605217934
272005680495
103558334241
53226444964
89602113937
62766906937
158210876741
12985903839
198985691793
210987352019
17818958105
73275923608
188134611923
15275873163
117192885302
94146601803
95317569874
268513768315
47339720186
273590605406
183212466229
134426363570
67841691681
110497722300
217495574261
74370040327
272352871651
39314905953
62975381507
167235234004
100207212963
37681208062
43256839376
57065425267
162698835242
193513590558
185428751775
89544997124
172848846704
30332878578
27055416270
259171268499
98923648825
236205828197
117445464768
29009794058
78616813794
35706010010
67394843916
120007643311
7565260153
94009987976
253173307109
128210238613
46692308963
251437409877
84226324084
122914782603
109581033473
103276231250
71490988022
135281547648
190694453014
78382830405
63975650624
111425599902
151978437170
21404220194
172113742462
188308075238
98472234344
130037280849
157017732107
48747022816
83275957564
221539590592
62143843191
52960320699
206382641268
264217344982
200047414054
151138569601
44405711803
118215790374
171829454638
204772273831
137686808920
120913247415
179508005752
195784409968
92217006333
271678338108
49034417742
102536117426
270976132748
159640935494
93569564534
236083432124
146148123713
41522912191
229527848123
93698887471
86686834734
120462762219
173650616368
182990718638
180502475967
31991492452
17053921801
103152188211
30983437158
165580495263
125944575941
206480267320
258045301455
192271448823
79328181744
27642744197
102748320746
34579586179
246153716215
111322924736
214797177459
8061075703
133206250620
176071699027
223978037694
128489337718
255513461753
219569820175
143193163383
94367774595
205120247004
156025831699
261854378370
203264273483
199907834344
50828722076
15267653919
7242695077
234641318747
110765385180
66129335433
25044251444
93128581144
81609399841
96111984918
117203470272
231723407797
92464054665
111699928730
78156763243
32304653001
168585346352
74329076776
35370496415
110314681673
217748985038
103019590952
50328539173
35827231947
227437559204
91261954240
263573093745
243180654665
199694503999
164875255812
206523177044
189046361602
117168658817
115758647784
138142285242
245317790565
203072103308
50478202570
103494088487
3096318960
236605346859
141478557108
115969228115
182558199921
197703666337
222623803300
213279891398
258826870614
261635316805
216952172825
95687532758
172294744635
207948757101
209346812310
21411191798
138525425626
227366751209
180850601195
216645261091
86516576060
117892447293
260650779785
101057972688
113937451495
134589460489
40549070670
244317877492
4857094931
22283660798
217256569538
104302825190
65890070903
101422244754
62392435713
246228825152
54404985784
20951910596
19143022384
59393059226
90132055716
136337279975
11561059463
157832444842
16044308213
274295760884
71986275903
173428668259
149026468770
172925852292
48855529278
192948772373
172274981916
268123564555
140503902688
38485463223
24503273212
125695689274
61680914556
268243846548
259077068587
135245453188
214736123766
118782658229
153526764984
183955585701
29445536526
4742444991
109287995012
43712811868
261946866671
223048225566
231263345089
21889917101
239515947057
243724436601
144220015016
248457232995
58803721828
38948665578
51534280270
92257437070
143311997398
47100376824
240916921914
179372596679
224700296112
21137058459
130468356205
242188373901
261708087872
73897853823
172716285685
263316414418
26476893938
101848826182
15932290410
7541824066
189156504554
47644687726
190567087024
58358476293
13254240014
11782079297
262469937457
199848038361
82747019402
5606849131
62900447786
266521285045
122130800004
234960333544
91752512909
160980775885
3924502634
156340978165
38274070563
145553859675
49199801947
199072909405
108857534428
177525959005
262460806093
118566694856
8722642435
190989268942
206995315814
34525352013
3340076960
184077822821
137453469417
58529778577
22389894192
230484941367
268234567932
87761151892
51675666948
49810949087
177630614204
211523850350
65384627125
78181069394
104527351501
165612812612
97528660053
195963594633
131963686115
260349834539
205234392902
257780629
273066242087
127926390404
1709050132
248508650969
247140407690
270546630152
25486673441
253658552712
224408927577
101694594888
241110233053
223629119329
263426212646
40975231319
23093624380
146226328619
75832033565
255055976215
45857550482
45993019197
147898129171
84677065350
259130582009
263158537288
28741499485
77275529513
244662303454
79859532157
73024822829
73658829237
12046491408
206216794145
233491531900
166443280081
104552111620
121350306852
206285774260
49125345706
39115354286
166327547276
152886858972
51266420336
116687591054
65855710258
47175426868
185318817929
217959337509
257205986381
67517625338
22720600703
183247548195
187250445964
50123518693
113486573189
150498702786
28214221654
117214862435
53713562959
264403215605
24125695505
29732347902
156731118133
182818599823
63802206458
92994195035
267536999297
54868798115
71428428275
66760302181
24424197795
64180119318
204475800485
7323420360
164719985889
200117578777
163013130876
83917242862
211764357405
165876989122
34268119280
169943863092
66789019969
154544245578
47071523278
122658594027
63481372633
107019571587
145441659320
259234856501
94743026549
254301353422
90246286810
25812053803
122712827980
250337573664
254008966917
119316371131
231861347082
12520964884
193576066619
167091742348
145676512320
173956477775
171692116027
32402573469
114157469211
263093816844
184489662262
53649399625
106070120759
97532442990
174239945389
93149133350
198424278911
206440592120
241991547380
256363726376
106247878449
59119597610
212879971141
267624407830
198234049356
144758176651
111504808818
78742811623
26647812943
51343722695
72505602357
23257455303
206238729258
121784188085
14543199958
163404745769
171556083554
212857716558
208349427491
135197893909
40220194193
243054873047
183032152653
117988044621
233689242493
258589199598
173885232044
57161051960
80744060161
189667122241
130615303300
87135593522
121714073146
231775771993
151631225500
53350378547
16068443965
116366164877
175288640314
139187344954
215843665822
173527605775
240143417349
181098492784
89448536004
33940139615
217944302828
162378506627
1030634990
82470912038
270702247492
109919923678
274602778109
200235101613
127229599179
85748494401
223480488455
73265391739
101217109888
179182306024
135503173667
214076341618
169508145500
171121616320
55637551216
171446612864
889904736
111512781925
21765419542
50086092927
186408597566
247706861485
34817455934
162985859982
117379031354
80979456961
181777732221
202226299760
142615275372
145903915166
65644065156
85109814496
98982604395
133313175128
257569466985
61006463195
179947585632
6127701658
2576915490
254507447535
231482073646
224847420544
215951975687
132219099934
49716943802
9612744735
256051839082
224030358831
196031633150
101041897218
185499140983
245870063113
54674686868
188907956345
178333808457
45215920270
173576465741
21055308130
45679062155
161512621213
204076561020
1467017741
172050770709
67611826215
253841486460
170740669468
272040107482
150098280976
191403988579
176260950822
92392234963
251273318811
254898921000
245533542786
114703724601
51675839450
216477568550
4643296195
235183333572
204830551611
223114603469
5444182590
219899618502
196505285154
222269000648
165382413422
136943889569
26999875048
6847980125
209591055009
123593901985
227408236362
240166694390
255740312988
9163580065
239595403812
10681282705
2486283983
113068991526
141380432911
80604663617
217752755416
19063913009
167499875561
141967654958
86808889655
269434508571
123641298390
203394630557
167086900972
214555786301
